# Camera parameter file. 

# The format of each camera is as follows:
# Filename (of the undistorted image in visualize folder)
# Original filename
# Focal Length (of the undistorted image)
# 2-vec Principal Point (image center)
# 3-vec Translation T (as in P = K[R T])
# 3-vec Camera Position C (as in P = K[R -RC])
# 3-vec Axis Angle format of R
# 4-vec Quaternion format of R
# 3x3 Matrix format of R
# [Normalized radial distortion] = [radial distortion] * [focal length]^2
# 3-vec Lat/Lng/Alt from EXIF

# The nubmer of cameras in this reconstruction
100

00000000.jpg
H:\Fukuchi\test\defish_2a3e3e62-e98e-42a8-9255-adb5d882f607-krpco.jpg
1957.39794922
2398.5 1799
0.614191889763 1.35269331932 -3.38572597504
2.60882496834 0.24983048439 2.60802412033
0.417061307595 -0.937889578285 -0.204183553684
0.866187335083 0.199143573021 -0.447835074407 -0.0974960795746
0.579877018929 -0.00946674961597 -0.814649343491
-0.347266227007 0.901672780514 -0.257666766644
0.736986935139 0.432315796614 0.519572198391
0.000461011249926
33.4070594444 130.418803889 471.81

00000001.jpg
H:\Fukuchi\test\defish_6983c592-01c7-4493-90d3-7908546f7891-UuJrw.jpg
1949.7902832
2398.5 1799
0.319117575884 1.99981451035 -3.09191799164
2.62504434586 0.121828794479 2.59910821915
0.568496962799 -0.849961124118 -0.262907690923
0.863863295689 0.271228569286 -0.405514461341 -0.125432643496
0.639649689198 -0.00326072308235 -0.768659889698
-0.436687350273 0.82140225172 -0.366878956556
0.632576346397 0.570338666439 0.523987233639
0.00197024054982
33.4070458333 130.418806389 487.73

00000002.jpg
H:\Fukuchi\test\defish_b2bbc6e8-92a6-4718-ae45-c394d4035de7-7DxzB.jpg
1951.56799316
2398.5 1799
1.01144087315 1.95308721066 -2.99310302734
2.56120991707 0.120513558388 2.68735718727
0.557027925598 -1.00548921941 -0.310431173822
0.82796499218 0.262351478995 -0.473569765004 -0.146208248879
0.508708834648 -0.00637230603024 -0.860914647579
-0.490593552589 0.819588541985 -0.295955449343
0.707482099533 0.572915911674 0.413806736469
0.00330510125031
33.4071541667 130.418800556 487.7

00000003.jpg
H:\Fukuchi\test\defish_824d66c3-0185-44ea-b98e-253c9fc329ce-kHRfA.jpg
1950.63208008
2398.5 1799
1.67329597473 1.81980907917 -2.81464886665
2.5123667717 0.119883179665 2.77623796463
0.535548612963 -1.16268028396 -0.354368173099
0.787460064443 0.248520029747 -0.539538954563 -0.164443687815
0.363712012768 -0.00918697193265 -0.931466221809
-0.52715831995 0.822390675545 -0.213951334357
0.767995297909 0.568847060204 0.294270724058
0.00277654910888
33.4072572222 130.4188125 487.77

00000004.jpg
H:\Fukuchi\test\defish_42cd906b-8e45-48d0-a182-33024415697b-9sO3f.jpg
1953.22375488
2398.5 1799
2.2819814682 1.62315797806 -2.55462265015
2.47625517845 0.119713544846 2.86740207672
0.508865903993 -1.31786919732 -0.397823311913
0.742619007556 0.232204719743 -0.60136756112 -0.1815339757
0.210804313421 -0.00965989008546 -0.97748029232
-0.548902213573 0.826252043247 -0.12654133141
0.808867633343 0.563217222691 0.168875604868
0.00440459615487
33.4073633333 130.418843611 487.83

00000005.jpg
H:\Fukuchi\test\defish_328a8b59-2e82-4b8c-937a-f811af2bd1e1-31XYR.jpg
1945.31933594
2398.5 1799
1.752820611 2.22583818436 -2.4755833149
2.50526618958 0.00584542751312 2.80692696571
0.641393286778 -1.15918621104 -0.435112139901
0.766634698625 0.295338799484 -0.533764027475 -0.200353667068
0.349907457829 -0.00808583479375 -0.936748564243
-0.62247812748 0.745266139507 -0.23895059526
0.700059533119 0.666717290878 0.25574144721
0.00452150575201
33.4072630556 130.418816667 503.57

00000006.jpg
H:\Fukuchi\test\defish_c0984ab3-483e-41c6-a90a-9e5fc059dde1-onn2u.jpg
1942.50109863
2398.5 1799
1.0700327158 2.40645909309 -2.64124822617
2.55999946594 0.00380790233612 2.71267604828
0.671007845284 -0.999256453024 -0.382296695973
0.807172595236 0.313648386039 -0.467081235984 -0.178696482497
0.499804884195 -0.00452000135556 -0.866125643253
-0.581475615501 0.73938447237 -0.339404791594
0.641935050488 0.673268735409 0.366921037436
0.00405431633252
33.4071555556 130.418797778 503.56

00000007.jpg
H:\Fukuchi\test\defish_ffb068bb-d89d-48b5-acd4-95f8bdc1bc27-9bax6.jpg
1956.72290039
2398.5 1799
2.84672236443 1.37835156918 -2.20182204247
2.45022797585 0.119639754295 2.97216486931
0.481237219302 -1.47616920792 -0.438520438012
0.691895575782 0.215357955394 -0.660598909813 -0.196241814101
0.0501986145973 -0.0129726585001 -0.99865591526
-0.556088030338 0.830218195915 -0.0387357361615
0.829605937004 0.557285130024 0.0344611406326
0.00354039407791
33.4074652778 130.418899167 487.8

00000008.jpg
H:\Fukuchi\test\defish_08413d28-02b3-4715-bd67-b1fd227ed68e-mNyN1.jpg
1945.4979248
2398.5 1799
2.37106823921 2.0222017765 -2.2062060833
2.47470808029 0.00399935245514 2.90764331818
0.620594301109 -1.31389243162 -0.49192225158
0.719963322055 0.280752054672 -0.594394758598 -0.222541816164
0.194338425994 -0.0133111039177 -0.980842649937
-0.654198884964 0.743304729462 -0.139706850052
0.730927050114 0.668817877769 0.135745584965
0.00522119338185
33.4073655556 130.418849167 503.67

00000009.jpg
H:\Fukuchi\test\defish_bec2ac1b-22f9-4497-93e4-de093bd64737-yULyu.jpg
1940.50085449
2398.5 1799
0.346776723862 2.49120473862 -2.73266720772
2.62651538849 0.00047492980957 2.62587690353
0.690274802174 -0.837606194885 -0.324498131858
0.843823151596 0.326975528182 -0.39676477704 -0.153711170862
0.63790166378 -5.42878915439e-005 -0.770118653774
-0.518874466419 0.738918721676 -0.429844409227
0.569078564644 0.673793673515 0.471329659224
0.00256544001895
33.4070419444 130.418804167 503.7

00000010.jpg
H:\Fukuchi\test\defish_36eb1690-f674-483e-9941-e304607c6c41-ihH8G.jpg
1946.36816406
2398.5 1799
2.89318728447 1.75424718857 -1.90284979343
2.45546197891 -0.00445914268494 3.00656723976
0.589189791302 -1.45587884024 -0.547140185761
0.673710312426 0.261796562002 -0.646895246139 -0.243112527881
0.0448456853628 -0.0111345946789 -0.998932361603
-0.666284263134 0.744718253613 -0.0382135398686
0.744347631931 0.667286634445 0.0259784013033
0.00432449843692
33.4074758333 130.418906667 503.87

00000011.jpg
H:\Fukuchi\test\defish_6de4913e-c9a5-49b0-8e4d-8aed682997ef-d3Mfj.jpg
1955.73852539
2398.5 1799
1.92377841473 1.186242342 -2.99869132042
2.50518727303 0.251853942871 2.78583192825
0.392988395034 -1.25089172495 -0.274202121291
0.783965531652 0.182129334148 -0.57972214914 -0.127078179416
0.295546382666 -0.011918711476 -0.955253303051
-0.410418361425 0.901358306408 -0.138225525618
0.862675428391 0.432906955481 0.261503130198
0.00424451251976
33.4072747222 130.418826111 471.76

00000012.jpg
H:\Fukuchi\test\defish_be2418d7-2c92-42d4-ba98-550a8e430841-yydPp.jpg
1940.27990723
2398.5 1799
-0.379766643047 2.48640584946 -2.73927783966
2.70175361633 -0.00369608402252 2.55549907684
0.702654935733 -0.676743090222 -0.264446840761
0.874990097058 0.33656187859 -0.3241504673 -0.12666633505
0.757763445377 0.00347005971707 -0.652519226074
-0.43985709548 0.741362690926 -0.50685864687
0.481994569302 0.671094596386 0.563304543495
0.00273126742416
33.4069258333 130.418831111 503.81

00000013.jpg
H:\Fukuchi\test\defish_7bd49fe7-690f-4a43-bc72-bb1710296689-WfGRA.jpg
1957.01171875
2398.5 1799
-0.0976116582751 1.38267850876 -3.43082427979
2.68553709984 0.248285412788 2.53340697289
0.429514893856 -0.775548798414 -0.17086878146
0.899824456804 0.207537228751 -0.374737292434 -0.0825620575476
0.705510318279 -0.00696112634614 -0.708664536476
-0.304126560688 0.900224626064 -0.311615914106
0.64012658596 0.435372382402 0.63300126791
-0.000623201784269
33.4069513889 130.418828056 471.72

00000014.jpg
H:\Fukuchi\test\defish_58d33bae-bca4-4cce-91fd-e79b44b3f356-ugUC1.jpg
1957.23425293
2398.5 1799
3.31937122345 1.10582280159 -1.79495251179
2.44658279419 0.120938897133 3.07611989975
0.453498383006 -1.62706393167 -0.483022784263
0.638387176217 0.198694550709 -0.712877375075 -0.211630291744
-0.105964355171 -0.0130861364305 -0.994283437729
-0.553494393826 0.831465780735 0.0480451397598
0.826083660126 0.555421352386 -0.0953486785293
0.00253144379634
33.4075627778 130.418977222 487.86

00000015.jpg
H:\Fukuchi\test\defish_6eb41cea-e990-402c-8957-4610e1780746-KV0II.jpg
1946.85864258
2398.5 1799
-1.0621894598 1.93868565559 -2.99862289429
2.78618860245 0.12022292614 2.47005629539
0.589575964136 -0.537856459276 -0.172103586161
0.9178368981 0.286669306226 -0.261521750222 -0.0836818639917
0.849207520485 0.00367216509767 -0.528047144413
-0.303553044796 0.821636497974 -0.482461899519
0.432090103626 0.570000767708 0.698854267597
0.000289435907188
33.4068283333 130.418874722 487.72

00000016.jpg
H:\Fukuchi\test\defish_2ad8cc39-b760-4a83-93ff-b8a714f404ce-CPYvE.jpg
1937.34082031
2398.5 1799
-1.07792043686 2.43073368073 -2.64067387581
2.78788995743 -0.0060248374939 2.50422883034
0.719469743393 -0.519141586815 -0.208843276468
0.897939826124 0.347411312553 -0.250678588964 -0.100844430863
0.853980720043 0.00692724203691 -0.520257711411
-0.355281680822 0.738271832466 -0.573349714279
0.38011944294 0.674468100071 0.632931172848
0.00213352075551
33.406825 130.418877222 503.78

00000017.jpg
H:\Fukuchi\test\defish_5f524447-02d3-476c-99e9-43835f80a121-vn86I.jpg
1956.06103516
2398.5 1799
-0.78785264492 1.35720336437 -3.37725424767
2.77390098572 0.246925234795 2.47246336937
0.435942285789 -0.618625078935 -0.139869046811
0.926871080783 0.212631446241 -0.3017352285 -0.0682213189163
0.808603584766 -0.00185192481149 -0.588351309299
-0.254781395197 0.900268316269 -0.352994412184
0.530327320099 0.43533334136 0.727488100529
-0.00162732115487
33.4067466667 130.418938333 471.82

00000018.jpg
H:\Fukuchi\test\defish_449857d2-62fe-4079-954d-b13c38672d7e-oU3Gg.jpg
1955.44360352
2398.5 1799
-1.45843303204 1.28143787384 -3.22652888298
2.86879944801 0.247861027718 2.4265537262
0.43828426254 -0.461485930098 -0.109514429839
0.948319633299 0.215353846785 -0.226754138303 -0.0538106333267
0.891374766827 0.00439467187971 -0.453247696161
-0.199724048376 0.901454687119 -0.384044975042
0.406893908978 0.43285214901 0.804411053658
-0.00154440941433
33.4066580556 130.419020556 471.72

00000019.jpg
H:\Fukuchi\test\defish_dde13fe8-cc4f-46f6-90a0-2d9d7335d88b-mPMSz.jpg
1936.59985352
2398.5 1799
-1.74376177788 2.30664777756 -2.45879721642
2.88797736168 -0.00803804397583 2.4630355835
0.732673118053 -0.364427021023 -0.155914042429
0.914506079156 0.355835962571 -0.176990579588 -0.0757224770487
0.925880849361 0.0125381518155 -0.377607226372
-0.264456510544 0.735293745995 -0.624023675919
0.269828617573 0.677632927895 0.684110879898
0.00269951722973
33.4067327778 130.418946389 503.75

00000020.jpg
H:\Fukuchi\test\defish_5982450a-da59-4a93-ba31-c4d6eda2b879-4eZsM.jpg
1936.24743652
2398.5 1799
-1.74367785454 2.30676698685 -2.45884633064
2.8879673481 -0.00801539421082 2.46314907074
0.7327339009 -0.364453303539 -0.155877309112
0.914494265772 0.355864023216 -0.177002618157 -0.0757043263324
0.925877690315 0.0124842720106 -0.37761631608
-0.26444041729 0.735259592533 -0.624071538448
0.269855201244 0.677670896053 0.684061765671
0.00248604531977
33.4067327778 130.418946389 503.75

00000021.jpg
H:\Fukuchi\test\defish_374209de-2f64-4bf0-b9bc-a27a320acc6d-Fq86P.jpg
1934.91796875
2398.5 1799
-2.38447642326 2.07737326622 -2.20800423622
2.99135112762 -0.00779926776886 2.43479967117
0.737593972533 -0.205950217416 -0.0943519494089
0.926498183773 0.359716167787 -0.100439572072 -0.0460143695969
0.975588619709 0.0130047956482 -0.219218328595
-0.157524123788 0.736973941326 -0.657309234142
0.153009995818 0.67579627037 0.721032977104
0.00371043123744
33.4066463889 130.419034167 503.76

00000022.jpg
H:\Fukuchi\test\defish_04b8fe45-797a-4235-958f-1f116d2a275c-Z1j7p.jpg
1944.14306641
2398.5 1799
-2.37043738365 1.65091884136 -2.52035880089
2.98541164398 0.117259144783 2.40214204788
0.605314119979 -0.215924020389 -0.0806945640304
0.948014362597 0.297394048352 -0.106084620266 -0.0396456687279
0.974348247051 0.012071300298 -0.224720135331
-0.138267353177 0.819970548153 -0.555455803871
0.177558839321 0.572279512882 0.800606131554
0.00206715554715
33.4066527778 130.419021111 487.71

00000023.jpg
H:\Fukuchi\test\defish_fe944bf4-12e9-46e4-97bf-cae8eb44b633-YLQ2c.jpg
1954.50964355
2398.5 1799
-2.11256456375 1.1840133667 -2.96798920631
2.97473478317 0.247545599937 2.40071678162
0.44614079798 -0.299632228089 -0.0780777276234
0.963361141546 0.220339337553 -0.14798190828 -0.0385609091572
0.953228235245 0.00908361654729 -0.302113026381
-0.139508709311 0.899926841259 -0.413120001554
0.268127053976 0.435945421457 0.859103679657
-0.00126875279941
33.4065833333 130.419127222 471.81

00000024.jpg
H:\Fukuchi\test\defish_75611b3f-0474-4c5a-b3a1-d94110802649-Ti7Do.jpg
1933.6940918
2398.5 1799
-2.93362569809 1.81107497215 -1.89573013783
3.09810566902 -0.00995481014252 2.42519640923
0.738954515484 -0.0556682214968 -0.0401867330992
0.931940202511 0.36105641317 -0.0271997368715 -0.0196354138256
0.997749745846 0.0169568378478 -0.0648764595389
-0.0562392883003 0.738504290581 -0.671897828579
0.0365176536143 0.674034118652 0.737796127796
0.00475491917092
33.4065691667 130.419138056 503.75

00000025.jpg
H:\Fukuchi\test\defish_0ad7c597-55fb-415e-8f74-ff22f390cb7c-AisOG.jpg
1943.56921387
2398.5 1799
-2.89837145805 1.43144845963 -2.18851184845
3.08331942558 0.116479635239 2.39139413834
0.605965372258 -0.0674987530735 -0.0374000576346
0.953717875958 0.298293875278 -0.0332270878049 -0.0184106363799
0.99711471796 0.0152944801375 -0.0743620544672
-0.0549397319555 0.821363329887 -0.567752599716
0.052395015955 0.570200204849 0.819833099842
0.00290796708215
33.4065733333 130.419129722 487.79

00000026.jpg
H:\Fukuchi\test\defish_e0a6c6ac-8919-49bc-9d97-85d4e4b35e51-A4KyB.jpg
1935.46679688
2398.5 1799
-3.43101716042 1.45893085003 -1.49073505402
3.19666147232 -0.00996118783951 2.42979550362
0.734898032463 0.107345779353 0.0177704019317
0.931800452704 0.359057121439 0.052447094468 0.00868227846933
0.994348227978 0.0214824322611 0.103974834085
0.053843036294 0.742005467415 -0.668228447437
-0.0915060713887 0.670049905777 0.736654639244
0.00583680882565
33.4065097222 130.419253333 503.81

00000027.jpg
H:\Fukuchi\test\defish_95ddc716-e88a-4843-a209-9c6113b42777-36pDb.jpg
1943.69726563
2398.5 1799
-3.37831783295 1.18254613876 -1.77223169804
3.18913960457 0.114914178848 2.40175795555
0.612602443621 0.0859698405126 0.00690812675828
0.952540319934 0.301440061796 0.0423027271709 0.00339924559328
0.996398091316 0.0190277751535 0.0826393514872
0.0319794490933 0.818244993687 -0.573980152607
-0.0785408616066 0.57455509901 0.814689159393
0.00427779742403
33.4065180556 130.419234722 487.75

00000028.jpg
H:\Fukuchi\test\defish_6efd2d90-0676-4359-9492-dbf88b97da15-D2y38.jpg
1953.80029297
2398.5 1799
-2.66550350189 1.0547670126 -2.65181088448
3.07385087013 0.247713208199 2.39575338364
0.455237354621 -0.1515101624 -0.0446946709826
0.971115914887 0.225422908945 -0.0750242949005 -0.0221317575216
0.987763345242 0.00916064623743 -0.155692383647
-0.076809361577 0.897389233112 -0.434502542019
0.135736763477 0.441144555807 0.887111902237
6.66905787446e-005
33.4065308333 130.419235833 471.76

00000029.jpg
H:\Fukuchi\test\defish_6ff08ad7-b560-4051-bbed-1516f206d79f-4JVST.jpg
1936.65393066
2398.5 1799
-3.81881022453 1.08350288868 -1.06153666973
3.29695105553 -0.00702941417694 2.45239043236
0.73059696717 0.259000543474 0.073668369682
0.925167314759 0.35614010693 0.126253578091 0.0359107171735
0.965541005135 0.0234809461981 0.259189963341
0.156374633312 0.743748962879 -0.649910628796
-0.208032771945 0.668046116829 0.714448273182
0.00681732116686
33.4064697222 130.4193675 503.72

00000030.jpg
H:\Fukuchi\test\defish_19aa8f84-c2f5-4074-87b6-a21057030d6d-lUFdS.jpg
1937.06384277
2398.5 1799
-4.1123008728 0.700738370419 -0.599453508854
3.39401364326 -0.00489202141762 2.49841022491
0.73427034599 0.406176659042 0.128902465896
0.911251228054 0.356208585477 0.197044064167 0.0625330510648
0.91452652216 0.0264105591923 0.403663218021
0.2543438375 0.738410830498 -0.624547243118
-0.314563363791 0.67383480072 0.668577849865
0.00759789627041
33.4064455556 130.419495556 503.69

00000031.jpg
H:\Fukuchi\test\defish_eabddd75-251d-417d-bbbf-fd6bd534d32e-hJNIj.jpg
1945.05908203
2398.5 1799
-4.07669591904 0.504196465015 -0.769734561443
3.38421702385 0.116504758596 2.44942235947
0.59479023153 0.399561266164 0.0975612022371
0.935341272877 0.290957322236 0.195455926996 0.0477246340849
0.919039070606 0.0244608819485 0.393407702446
0.203016161919 0.826132416725 -0.525632560253
-0.337864279747 0.562945008278 0.754281699657
0.00549352445798
33.4064475 130.419491111 487.71

00000032.jpg
H:\Fukuchi\test\defish_dfcf30c5-47c4-471a-9f93-cc34a6824d01-15fze.jpg
1953.24645996
2398.5 1799
-3.18293166161 0.873272240162 -2.24408125877
3.18008518219 0.248156964779 2.39896631241
0.457914564494 0.00284197245646 -0.0121610459114
0.973884289863 0.226960663027 0.00140859453495 -0.00602749782858
0.999923408031 0.0123795662075 7.61670617067e-006
-0.0111007755622 0.896905064583 -0.442083775997
-0.00547961564735 0.442049920559 0.896973967552
0.00189421797035
33.4064827778 130.419354444 471.79

00000033.jpg
H:\Fukuchi\test\defish_6df694d5-45b4-4b65-977b-76e2375102bd-oVkaN.jpg
1952.35339355
2398.5 1799
-3.63692212105 0.637408256531 -1.74168932438
3.28278326988 0.247938036919 2.41430044174
0.452362191657 0.165164863267 0.0207722005479
0.971097562848 0.223997806361 0.081785276803 0.010285844931
0.986411094666 0.0166624281555 0.163451135159
0.0566166639328 0.899438619614 -0.43336507678
-0.154234796762 0.436729818583 0.886272192001
0.0022074983812
33.4064508333 130.41948 471.78

00000034.jpg
H:\Fukuchi\test\defish_a3ab6407-dbd5-43f0-9b0e-0af3bb099577-oTxMO.jpg
1948.28625488
2398.5 1799
-4.27617311478 0.136453360319 -0.214777469635
3.47594666481 0.117839060724 2.50086212158
0.584362095347 0.555089043511 0.14280605519
0.917412967036 0.284092413207 0.26986107958 0.0694263319995
0.844709873199 0.0259456820786 0.534595131874
0.280716150999 0.828943133354 -0.483788877726
-0.455701082945 0.558731377125 0.69293320179
0.00586390795641
33.4064338889 130.419615556 487.87

00000035.jpg
H:\Fukuchi\test\defish_75e088e9-354e-4a54-b06d-5394d87e53ac-QX4tG.jpg
1940.86230469
2398.5 1799
-4.30917310715 0.244397506118 -0.0910378918052
3.484593153 -0.00529424846172 2.54844689369
0.720195080336 0.561213603088 0.187055198707
0.893371721724 0.347205310324 0.270560503034 0.0901791196417
0.837329626083 0.0267531089485 0.546043753624
0.34900701046 0.742631852627 -0.571568846703
-0.42080065608 0.669164776802 0.612490653992
0.00768746886079
33.4064413889 130.419634167 503.73

00000036.jpg
H:\Fukuchi\test\defish_bfe7eefe-1342-4722-89bd-697f0eed06d6-uI1MA.jpg
1953.5559082
2398.5 1799
-4.00338935852 0.377658307552 -1.15677809715
3.38475847244 0.247825890779 2.44742250443
0.44420414161 0.33248762619 0.0517822235131
0.96143211258 0.219239325074 0.164101042591 0.0255573928075
0.944835245609 0.0228113755584 0.32675036788
0.121098168194 0.902561664581 -0.41317948699
-0.30433768034 0.429955422878 0.850009918213
0.00264118504536
33.4064369444 130.419616389 471.85

00000037.jpg
H:\Fukuchi\test\defish_01735d62-a137-4c52-97b2-1dbfbce64952-QUA0Q.jpg
1950.06860352
2398.5 1799
-4.37482833862 -0.217356577516 0.325369864702
3.55739331245 0.122066706419 2.57338166237
0.579522110031 0.702290751529 0.18650878548
0.893949011007 0.279443596098 0.338642218677 0.0899339038427
0.754466831684 0.0284699201584 0.655720770359
0.350055217743 0.827646970749 -0.438705682755
-0.555194735527 0.5605276227 0.614465534687
0.00621189089789
33.4064430556 130.419749167 487.81

00000038.jpg
H:\Fukuchi\test\defish_b676a864-4a18-4a8b-88ed-56a7d35c835c-qGvkW.jpg
1940.58178711
2398.5 1799
-4.39056682587 -0.217018559575 0.451734751463
3.56349277496 -0.00537940859795 2.61337947845
0.703425595291 0.719383179982 0.242006087675
0.869099202401 0.33622802828 0.343855540376 0.115675673782
0.736765682697 0.0301604513079 0.675476074219
0.432294994593 0.747139394283 -0.50487947464
-0.519902229309 0.663982570171 0.537428617477
0.0085415890354
33.4064502778 130.419768333 503.81

00000039.jpg
H:\Fukuchi\test\defish_ab562b04-c438-4a72-a028-f884c335a1a4-nHmU6.jpg
1939.88549805
2398.5 1799
-4.35744333267 -0.690011024475 0.981522500515
3.62939596176 -0.00303727388382 2.69338321686
0.687956934154 0.875095632127 0.301327612016
0.83832051291 0.325232468442 0.413702513093 0.142452991169
0.61711537838 0.0302565451711 0.786291480064
0.507941603661 0.747861206532 -0.427431643009
-0.600969731808 0.663164556026 0.44614854455
0.00948467236315
33.4064769444 130.419896111 503.75

00000040.jpg
H:\Fukuchi\test\defish_cb45f051-bf6b-4f94-be17-72be396a9897-cj5GD.jpg
1952.21447754
2398.5 1799
-4.36857795715 -0.573913037777 0.870329618454
3.62647342682 0.126393049955 2.64651894569
0.565815659025 0.847864207373 0.227286329418
0.866734919283 0.270225238439 0.404927477611 0.108548608688
0.648502528667 0.0306773781776 0.760594904423
0.407008856535 0.830390930176 -0.38051867485
-0.643264234066 0.556335926056 0.526024222374
0.00685186169857
33.4064725 130.419881944 487.65

00000041.jpg
H:\Fukuchi\test\defish_88748c3b-79dd-4097-8c4a-00d7e0e977df-DlIka.jpg
1950.3248291
2398.5 1799
-4.26111125946 -0.944008052349 1.41150617599
3.67818975449 0.127392590046 2.73774456978
0.555083594853 0.997280844544 0.274257505378
0.8326498159 0.26187958605 0.470501195074 0.129390316423
0.523773133755 0.030955504626 0.85129481554
0.461902797222 0.829354286194 -0.314351290464
-0.715756118298 0.557864665985 0.420095443726
0.00777463218871
33.4065108333 130.42 487.74

00000042.jpg
H:\Fukuchi\test\defish_ce85bd7a-c4c1-4bc2-ad96-2b095366b232-ScPuc.jpg
1950.38500977
2398.5 1799
-4.00879526138 -1.34271156788 1.99674403667
3.71727752686 0.128521680832 2.83295297623
0.535405775815 1.1644923887 0.325070766492
0.789298678451 0.248622826507 0.540747601543 0.150950954268
0.369611591101 0.0305932946503 0.928682565689
0.50717484951 0.830800712109 -0.229222774506
-0.778562903404 0.555727899075 0.291557312012
0.00896175688852
33.4065736111 130.420113056 487.79

00000043.jpg
H:\Fukuchi\test\defish_818c10a1-f851-47f6-b4f5-bf2a717d8930-Kg7WP.jpg
1939.20581055
2398.5 1799
-4.23598814011 -1.10777056217 1.45665943623
3.68105244637 -0.00203937292099 2.78252649307
0.670426552278 1.01694568126 0.353996999633
0.805531300096 0.313188187308 0.475063783532 0.165368865912
0.493935078382 0.0311490185559 0.868940591812
0.563988208771 0.749132394791 -0.347444236279
-0.661774396896 0.66168731451 0.352455228567
0.0106097025259
33.4065219444 130.420017778 503.71

00000044.jpg
H:\Fukuchi\test\defish_b3a89e00-2c42-457c-9b20-33d7f647e117-JnsZe.jpg
1957.78857422
2398.5 1799
-4.24727010727 0.108876168728 -0.56106543541
3.47545814514 0.249005571008 2.49502468109
0.43832735101 0.490317408301 0.0841957529523
0.945547665751 0.215171053132 0.24069251638 0.0413309568527
0.880718111992 0.0254192762077 0.472958892584
0.181740835309 0.903986394405 -0.387012809515
-0.437386095524 0.426805138588 0.791537046432
0.00371018815312
33.4064413889 130.419746667 471.82

00000045.jpg
H:\Fukuchi\test\defish_5e36e045-d68b-4342-b1e7-654c871d2150-0MroG.jpg
1959.32507324
2398.5 1799
-4.41443586349 -0.455502867699 0.666977643967
3.61903476715 0.251394093037 2.6417798996
0.427433715978 0.802204326309 0.15223839207
0.895689792925 0.206232907173 0.387056341549 0.0734536490835
0.689584612846 0.0280642416328 0.723662078381
0.291230976582 0.904145240784 -0.312580049038
-0.663067579269 0.426302790642 0.615310966969
0.00467230904184
33.4065144444 130.419995833 471.82

00000046.jpg
H:\Fukuchi\test\defish_57fa3bc9-29ec-43eb-8812-b1199434ca31-fTma6.jpg
1959.64990234
2398.5 1799
-4.38779258728 -0.161058485508 0.0686014890671
3.55953788757 0.250551402569 2.55935335159
0.426534060257 0.649135353642 0.112325312229
0.923992190803 0.207835823229 0.316302010043 0.054732378752
0.793914914131 0.0303331334144 0.607272088528
0.232622295618 0.907617032528 -0.349453359842
-0.561770260334 0.418701350689 0.713514328003
0.00411854397285
33.4064658333 130.419878056 471.81

00000047.jpg
H:\Fukuchi\test\defish_b56698fe-c578-47be-ba4d-479f1abe707e-dkRvG.jpg
1959.51843262
2398.5 1799
-4.31493711472 -0.764668703079 1.35491287708
3.67702484131 0.254187762737 2.73021507263
0.412550518933 0.974585630719 0.18620677364
0.859102882305 0.196493205374 0.464184253087 0.0886882069852
0.553334891796 0.030033480376 0.832417547703
0.334802657366 0.90704959631 -0.255280345678
-0.762710571289 0.419951170683 0.491846561432
0.00596809078192
33.4065719444 130.420113333 471.75

00000048.jpg
H:\Fukuchi\test\defish_dc8937df-6b85-44df-bbd6-25b27ca2e20f-nBukM.jpg
1962.0234375
2398.5 1799
3.11824178696 0.796281814575 -2.16927051544
2.46351242065 0.251466631889 2.98849534988
0.351461533078 -1.59724587492 -0.351870034848
0.670108946297 0.155944577797 -0.708702973615 -0.156125831306
-0.0532706230879 -0.0117940194905 -0.998510360718
-0.430279284716 0.902611494064 0.0122941331938
0.901122450829 0.430293560028 -0.0531568713486
0.00140812521745
33.4074819444 130.418928611 471.88

00000049.jpg
H:\Fukuchi\test\defish_76a06dd4-e40f-42db-bc3f-6ab8eda0e550-RelnV.jpg
1949.18188477
2398.5 1799
3.3839097023 1.39880764484 -1.5172457695
2.44821882248 -0.00946283340454 3.11699962616
0.54871226013 -1.61072546687 -0.601534812233
0.619721364427 0.238606632611 -0.700421345821 -0.261576433359
-0.118024937809 -0.0100414082408 -0.992960035801
-0.658459424973 0.74928933382 0.0706882029772
0.743304252625 0.662166714668 -0.0950461179018
0.00413498441337
33.4075638889 130.4189775 503.92

00000050.jpg
H:\Fukuchi\test\defish_0343e175-1ba7-4ade-9f7f-50eb183dd07e-C3xO1.jpg
1950.34802246
2398.5 1799
3.75871396065 1.03180634975 -1.10032439232
2.46140861511 -0.011323928833 3.21630334854
0.510199027534 -1.75611269699 -0.652849035635
0.564571737743 0.216869868325 -0.746469336095 -0.277505986396
-0.268452644348 -0.0104288803414 -0.96323633194
-0.637117028236 0.751915633678 0.169422313571
0.722505629063 0.659176707268 -0.208498001099
0.00447558668202
33.4076413889 130.419068056 503.8

00000051.jpg
H:\Fukuchi\test\defish_b25fc825-06e7-4656-8042-494f8d30a2a4-UrP2G.jpg
1958.48608398
2398.5 1799
3.73666644096 0.762357652187 -1.29349339008
2.45977592468 0.122495770454 3.18614149094
0.417872448009 -1.79010630355 -0.531181534997
0.576204295782 0.178489908913 -0.764625455894 -0.226888717477
-0.272259831429 -0.0114867538214 -0.962155640125
-0.53442376852 0.833325684071 0.141276299953
0.800166249275 0.552662909031 -0.233020290732
0.00258436098738
33.4076477778 130.419070833 487.81

00000052.jpg
H:\Fukuchi\test\defish_bb362d12-ab17-4e8a-912b-736a25a00fa6-PL3vB.jpg
1960.36462402
2398.5 1799
4.05166292191 0.410653114319 -0.719638824463
2.49145722389 0.125651240349 3.2983853817
0.385349627846 -1.95598338982 -0.570968462994
0.50892001204 0.15995995906 -0.811935448612 -0.237010977474
-0.430826753378 -0.0185146741569 -0.902244865894
-0.500993192196 0.836477577686 0.222061544657
0.750595927238 0.54768884182 -0.369652509689
0.00212165903626
33.4077125 130.419175278 487.8

00000053.jpg
H:\Fukuchi\test\defish_1c26a26d-c5ed-4a68-aa82-8d4801e25dfd-wi7Qj.jpg
1951.81799316
2398.5 1799
4.05833864212 0.599824547768 -0.607486128807
2.49409818649 -0.0101694762707 3.31335353851
0.46586618124 -1.91226688489 -0.711410193842
0.500681472336 0.192691346365 -0.790950911432 -0.294253143046
-0.424376130104 -0.0101646119729 -0.905428946018
-0.599472999573 0.752570092678 0.272525370121
0.678628921509 0.658433318138 -0.325466215611
0.00472547221522
33.4077102778 130.419172778 503.92

00000054.jpg
H:\Fukuchi\test\defish_57d32d26-1ae9-4bc4-ab16-d425f441483c-0qBo9.jpg
1954.72363281
2398.5 1799
4.24684810638 0.150863051414 -0.0921895056963
2.53937506676 -0.00900965929031 3.40858864784
0.416989036585 -2.06487365028 -0.764947721823
0.435167831938 0.167519769554 -0.829535377922 -0.307307518514
-0.565131962299 -0.0104661798105 -0.824934363365
-0.54538756609 0.754998207092 0.364046126604
0.619014084339 0.655642986298 -0.432382076979
0.00496865358165
33.4077613889 130.419288889 503.92

00000055.jpg
H:\Fukuchi\test\defish_fbd9ec84-ec3e-4991-823a-bb76c24cb8f3-fhbe5.jpg
1961.9597168
2398.5 1799
4.23066902161 0.0319526195526 -0.20612372458
2.53940105438 0.127643346786 3.38780522346
0.342593158994 -2.09892096181 -0.623695203022
0.446333167236 0.138329656398 -0.847486319648 -0.251830898738
-0.563303351402 -0.00966386776417 -0.826193928719
-0.45926579833 0.834892392159 0.303363859653
0.686851084232 0.550328314304 -0.474735856056
0.00240245407091
33.4077616667 130.419296111 487.77

00000056.jpg
H:\Fukuchi\test\defish_8aed9d61-46bb-4136-8686-90f0a9b96fc0-AbrFA.jpg
1966.625
2398.5 1799
3.8523209095 0.319238513708 -1.17869257927
2.46456599236 0.252063989639 3.19280362129
0.297585608017 -1.89500284648 -0.395806722022
0.557588773628 0.126123972719 -0.803148004717 -0.167752454639
-0.346374958754 -0.015519015491 -0.937968254089
-0.389666557312 0.911903440952 0.128809466958
0.85333698988 0.410110712051 -0.321907520294
0.000296133213571
33.4076583333 130.419086389 471.74

00000057.jpg
H:\Fukuchi\test\defish_aa7d740c-97fc-43ee-98a6-871f8ab7ab59-dsTcX.jpg
1968.71191406
2398.5 1799
4.10616159439 0.0499301180243 -0.551099538803
2.49568533897 0.251902401447 3.2977077961
0.270015377657 -2.05991751483 -0.422649489099
0.488830966499 0.111106199581 -0.84761693393 -0.173912237504
-0.497399449348 -0.0183238107711 -0.867328464985
-0.358378559351 0.914819955826 0.186197444797
0.790037155151 0.403446048498 -0.461597651243
0.00063823994986
33.4077208333 130.419190556 471.95

00000058.jpg
H:\Fukuchi\test\defish_ab4c00e6-d709-436a-b7c0-27b80b990423-dnOqf.jpg
1968.75512695
2398.5 1799
4.23813343048 -0.21409752965 0.00946342945099
2.54468464851 0.252603590488 3.38651585579
0.243413579357 -2.2012111186 -0.461213536201
0.425689914951 0.0973666584244 -0.880495540435 -0.184487738764
-0.618615865707 -0.0143927475438 -0.785562336445
-0.32853102684 0.912967979908 0.241985291243
0.713709950447 0.407777309418 -0.569504499435
0.000397686537383
33.4077661111 130.419313889 471.86

00000059.jpg
H:\Fukuchi\test\defish_0cea6cdb-0978-4e74-9662-81788bac1c70-74kKZ.jpg
1961.84240723
2398.5 1799
4.3044052124 -0.389936715364 0.433358311653
2.60503578186 0.130329117179 3.47340846062
0.296473344885 -2.2687240861 -0.675094271483
0.369091676565 0.115504851926 -0.883886002396 -0.263014079375
-0.700859963894 -0.0100327003747 -0.713228642941
-0.398337930441 0.834964394569 0.379684567451
0.591711223125 0.550212085247 -0.589189767838
0.00243644993048
33.4077958333 130.419415556 487.76

00000060.jpg
H:\Fukuchi\test\defish_52d82ad3-1732-4a8f-a2b2-9a2c6ef95168-EKhEH.jpg
1968.82336426
2398.5 1799
4.26768350601 -0.525686323643 0.663188993931
2.61598849297 0.259070038795 3.46681213379
0.210950583658 -2.36496649419 -0.50427396006
0.349595266729 0.0814232252195 -0.912835585254 -0.19464090362
-0.742306828499 -0.0125608267263 -0.669942736626
-0.284742981195 0.910970032215 0.298420101404
0.606549263 0.412280797958 -0.67979580164
0.000485558210718
33.4077958333 130.419446667 471.71

00000061.jpg
H:\Fukuchi\test\defish_e874b7eb-8679-499a-a27f-960ba979e20c-Pj7qb.jpg
1969.94897461
2398.5 1799
4.17963409424 -0.816214263439 1.32382798195
2.69751787186 0.262869656086 3.54152345657
0.173263193528 -2.52951547613 -0.532591740939
0.271941424619 0.0643566898052 -0.939560442931 -0.19782528976
-0.843812406063 -0.0133396238089 -0.536473691463
-0.228527188301 0.913446724415 0.336734622717
0.485547930002 0.406739622355 -0.773825764656
0.000307736481446
33.4078227778 130.419575278 487.64

00000062.jpg
H:\Fukuchi\test\defish_5f2ced65-2af5-4a05-a976-fc78260b84cf-KNkYx.jpg
1961.4798584
2398.5 1799
4.13372516632 -1.09303605556 1.57650601864
2.77808260918 0.131578266621 3.61008787155
0.197319754138 -2.57195123699 -0.739725345533
0.227060001965 0.0716107891672 -0.933406077791 -0.268459262946
-0.886631250381 -0.011770747602 -0.462327510118
-0.255596190691 0.845603048801 0.468642562628
0.385429233313 0.533682346344 -0.75274682045
0.00096870415064
33.4078166667 130.419712778 487.72

00000063.jpg
H:\Fukuchi\test\defish_8bc5252b-a2d8-44cf-b205-96b4c96e1e9c-3GSuA.jpg
1942.36779785
2398.5 1799
-3.60568022728 -1.97848117352 2.44903659821
3.74380302429 -0.00222837924957 2.98279094696
0.617457407406 1.33711044844 0.471874976131
0.71563073259 0.278868393444 0.603892411269 0.213117560696
0.179789990187 0.0317863151431 0.983191668987
0.641840219498 0.753626406193 -0.141733333468
-0.745464205742 0.656533837318 0.115092985332
0.0130189455019
33.4066561111 130.420224167 503.77

00000064.jpg
H:\Fukuchi\test\defish_9249053d-a3b0-49f9-8407-bea0dcf06965-wqFhu.jpg
1946.16992188
2398.5 1799
-3.17231655121 -2.33268761635 2.8384847641
3.74893712997 -0.000229597091675 3.08342194557
0.588140136715 1.48532838687 0.527872658339
0.666536683807 0.26059183612 0.658116029519 0.233888654568
0.0243586804718 0.0312084518373 0.999215662479
0.654789924622 0.754775822163 -0.0395360141993
-0.755418241024 0.655240058899 -0.00204989919439
0.0137677986046
33.4067444444 130.420310278 503.74

00000065.jpg
H:\Fukuchi\test\defish_d788ad02-261a-4e91-870d-6bc4b36996ed-P6Yv3.jpg
1952.91345215
2398.5 1799
-3.2588789463 -1.9851398468 2.95594358444
3.75168442726 0.131577253342 3.03417658806
0.4868685852 1.47213266167 0.415477113762
0.69482035981 0.218126292718 0.659543149095 0.186141569386
0.0607084706426 0.0290573406965 0.997732818127
0.546397149563 0.835544764996 -0.0575803369284
-0.835323214531 0.548654019833 0.0348480939865
0.00955283207992
33.4067311111 130.420299444 487.69

00000066.jpg
H:\Fukuchi\test\defish_d59c57d6-b824-4e52-abfa-9102a0a32556-uSPwO.jpg
1954.65869141
2398.5 1799
-2.73112988472 -2.2642519474 3.36250090599
3.7432756424 0.132071495056 3.14050269127
0.458958351918 1.63250603875 0.463826517735
0.637889695152 0.201046597831 0.715118885312 0.203179096719
-0.105353996158 0.028332978487 0.994031071663
0.546756386757 0.836597025394 0.0341034308076
-0.830636799335 0.547085642815 -0.103629976511
0.00981271621268
33.4068238889 130.420365833 487.71

00000067.jpg
H:\Fukuchi\test\defish_38506d72-a323-4e83-9de0-209aef8abbbe-2xbb9.jpg
1957.60595703
2398.5 1799
-2.15595889091 -2.48193407059 3.6812851429
3.71960330009 0.132311105728 3.24145841599
0.427137309401 1.78599662868 0.509700273987
0.579327135717 0.18268441508 0.763861508381 0.217996167438
-0.262013107538 0.0265085138381 0.964700460434
0.531672894955 0.838208079338 0.12136965245
-0.805402338505 0.544705808163 -0.233715251088
0.00933530613668
33.4069280556 130.420414444 487.81

00000068.jpg
H:\Fukuchi\test\defish_f8bce6f0-d44b-4319-aa52-77f5e228cc54-vYvuA.jpg
1961.17150879
2398.5 1799
-1.51997840405 -2.64235973358 3.9282207489
3.6816599369 0.132111787796 3.33934926987
0.390255673487 1.9410088249 0.554353516337
0.516534054533 0.162530904881 0.808377538435 0.230873206351
-0.41355240345 0.0242648143321 0.91015702486
0.50128030777 0.840562283993 0.205359727144
-0.760061085224 0.541170716286 -0.359780162573
0.00660228588033
33.4070386111 130.420443056 487.75

00000069.jpg
H:\Fukuchi\test\defish_f8d45c2d-3697-43d7-9711-bed0237044b6-F4ihQ.jpg
1961.48681641
2398.5 1799
-0.861611664295 -2.74823451042 4.07700395584
3.62822318077 0.134140968323 3.42565369606
0.351543133528 2.09136997034 0.599047601967
0.451948743847 0.142302759216 0.846575253326 0.242491229473
-0.550984501839 0.0217522718012 0.834231615067
0.460126698017 0.841895520687 0.281947523355
-0.696202874184 0.53920173645 -0.47388035059
0.00609333528979
33.4071488889 130.420450556 487.75

00000070.jpg
H:\Fukuchi\test\defish_34462056-64bb-400b-af0e-c5f692c4d077-uWb1K.jpg
1952.10424805
2398.5 1799
-2.05864810944 -2.88544559479 3.47333860397
3.71893572807 0.00288677215576 3.28594255447
0.510656893769 1.78816895276 0.637147671645
0.554621766453 0.21615836426 0.756922467053 0.269701242019
-0.2913402915 0.0280657932162 0.956207811832
0.626394510269 0.761073052883 0.168513700366
-0.723014891148 0.648058235645 -0.239311546087
0.00997345378614
33.4069419444 130.420418056 503.75

00000071.jpg
H:\Fukuchi\test\defish_7514d504-d69e-45bd-8a75-8d2f52002c56-HrqII.jpg
1956.80883789
2398.5 1799
-1.38261044025 -3.08439970016 3.67931771278
3.67527198792 0.00283074378967 3.38450622559
0.464010712885 1.94496876279 0.697884991584
0.489813201962 0.191013925938 0.8006628056 0.287290246527
-0.447193354368 0.02443847619 0.894103229046
0.587312698364 0.761955976486 0.272922992706
-0.674597620964 0.647167563438 -0.355094730854
0.00758767731377
33.4070502778 130.420446111 503.71

00000072.jpg
H:\Fukuchi\test\defish_4966003e-fe4e-4d39-9862-634c375ca71a-Y26HM.jpg
1956.7232666
2398.5 1799
-0.722243905067 -3.20249319077 3.78701996803
3.61722278595 0.00562381744385 3.46911764145
0.415790712466 2.08963619098 0.754752878519
0.426507837335 0.16638056584 0.836177532185 0.302017835494
-0.580816984177 0.0206216964871 0.813772320747
0.5358735919 0.762205302715 0.363156288862
-0.612772762775 0.647006750107 -0.453752577305
0.00771933296749
33.4071655556 130.420447778 503.75

00000073.jpg
H:\Fukuchi\test\defish_66cd54dc-f746-45e1-ab2c-16a53c08a8ef-4IeaQ.jpg
1958.06677246
2398.5 1799
-0.0837560966611 -3.24759936333 3.82281661034
3.54971575737 0.00540566444397 3.54504013062
0.365728768681 2.22647390059 0.807704859008
0.363976520815 0.142140271611 0.86531777663 0.313914020094
-0.694634497166 0.0174780003726 0.719150424004
0.474507331848 0.762507855892 0.439799696207
-0.540670990944 0.646742582321 -0.537957727909
0.00680670471138
33.4072730556 130.42043 503.71

00000074.jpg
H:\Fukuchi\test\defish_9d86af69-3c53-4f07-b17e-7d3e1ba8d5a8-ain0L.jpg
1960.37731934
2398.5 1799
-0.152529224753 -2.79879999161 4.13425207138
3.55911445618 0.13557267189 3.50184583664
0.306811223144 2.24677388898 0.646729623475
0.381827995823 0.12025430549 0.880620437692 0.253484930943
-0.679492473602 0.0182216297835 0.733456432819
0.405372202396 0.842568695545 0.354614764452
-0.611525714397 0.53828060627 -0.579905748367
0.00605790374456
33.4072558333 130.420436667 487.75

00000075.jpg
H:\Fukuchi\test\defish_68890edf-e2a4-413b-adc2-12b15664c25f-Iy7c8.jpg
1960.53796387
2398.5 1799
0.52029967308 -2.78275251389 4.10544872284
3.48035478592 0.134345054626 3.56906342506
0.258190500933 2.39395651058 0.691540724601
0.312864472514 0.0978887656094 0.907630013094 0.262186515984
-0.785067081451 0.0136360125616 0.619260668755
0.341751396656 0.843351781368 0.414684683084
-0.516600072384 0.537188351154 -0.66674798727
0.00582824888075
33.4073594444 130.420401389 487.77

00000076.jpg
H:\Fukuchi\test\defish_066069aa-7b16-4316-a9ac-bac52dcaaad7-7vQIc.jpg
1961.99633789
2398.5 1799
1.20979046822 -2.70228171349 3.98241400719
3.38710856438 0.133935451508 3.62423706055
0.205246972555 2.54811928121 0.736322463968
0.238329866796 0.0749285986607 0.930230563619 0.26880596435
-0.875169098377 0.0112723335624 0.483685821295
0.267530292273 0.844257831573 0.464387327433
-0.403121083975 0.535818219185 -0.741884231567
0.00515542530166
33.4074636111 130.420347222 487.82

00000077.jpg
H:\Fukuchi\test\defish_abd3bab1-6e2c-4eed-9a35-ee4a9a3e03d3-XOOBk.jpg
1964.62683105
2398.5 1799
-3.4219288826 -1.55859053135 3.02589917183
3.75092315674 0.256095767021 3.0265250206
0.369659386797 1.44371514243 0.29059627395
0.725401831896 0.167579883852 0.654487954385 0.131737733643
0.108581550419 0.0282319486141 0.993686676025
0.410483121872 0.909124314785 -0.0706838294864
-0.905380368233 0.415567189455 0.0871254056692
0.00704823677847
33.4068227778 130.420363611 471.79

00000078.jpg
H:\Fukuchi\test\defish_4cf2f464-c620-4e4d-93c2-8fc6e430bcaf-wZmrW.jpg
1961.79699707
2398.5 1799
-3.80476045609 -1.32731020451 2.52669429779
3.74020004272 0.255957961082 2.92703151703
0.387849185671 1.29222392603 0.258440709056
0.773246120126 0.179032429101 0.596494712293 0.119297060895
0.259924292564 0.0290916226804 0.965190470219
0.398075580597 0.907431006432 -0.13455209136
-0.879758417606 0.419192433357 0.224282950163
0.00658617412136
33.4067322222 130.420298056 471.79

00000079.jpg
H:\Fukuchi\test\defish_884ffa10-b8f8-4986-8498-fc4d77345be0-O0orV.jpg
1966.09130859
2398.5 1799
-2.94223165512 -1.77269625664 3.47441411018
3.74343299866 0.256673336029 3.12914633751
0.34935268581 1.59983850672 0.324898665044
0.671378619752 0.155086490084 0.710208762624 0.144230731984
-0.0503978654742 0.0266205687076 0.998374462128
0.413954287767 0.910291135311 -0.00337559613399
-0.908901453018 0.413111418486 -0.0568962655962
0.00723511502535
33.4069241667 130.420411667 471.78

00000080.jpg
H:\Fukuchi\test\defish_4725560d-4d03-4f3a-a486-f8cc54d64f88-b0Bvg.jpg
1968.94396973
2398.5 1799
-2.37141489983 -1.94971871376 3.86294531822
3.72077465057 0.258602619171 3.2305290699
0.325350092377 1.76063885847 0.357854299705
0.611430223611 0.14100156477 0.763032929312 0.155088372188
-0.212543293834 0.025526182726 0.976818263531
0.404829055071 0.912132322788 0.0642498210073
-0.889347314835 0.409100294113 -0.204201355577
0.00607211982914
33.4070330556 130.420439722 471.77

00000081.jpg
H:\Fukuchi\test\defish_733038cc-38a1-44ff-a340-2de1f9580d6a-XaXAp.jpg
1969.2911377
2398.5 1799
-1.75534558296 -2.08960056305 4.15147590637
3.68248534203 0.261171340942 3.32468152046
0.299876405118 1.91691759953 0.391516908155
0.54896600695 0.126633213086 0.809484943486 0.165331593987
-0.365200668573 0.023492269218 0.930632352829
0.386537969112 0.913258850574 0.12863227725
-0.846886515617 0.406701594591 -0.342603474855
0.00503284648214
33.4071386111 130.420448056 471.77

00000082.jpg
H:\Fukuchi\test\defish_dfa67992-a178-4b0e-a215-7798943f5e6b-Bep7h.jpg
1966.99206543
2398.5 1799
-1.07986974716 -2.18743777275 4.35038852692
3.62613344193 0.263388156891 3.41447997093
0.270879105979 2.07711162463 0.425858685639
0.481197904888 0.111087804269 0.851825646603 0.174645091748
-0.512216150761 0.0211771484464 0.858595132828
0.35733255744 0.914317429066 0.190624117851
-0.780991733074 0.404444992542 -0.47589558363
0.00475014596919
33.4072491667 130.420435278 471.75

00000083.jpg
H:\Fukuchi\test\defish_7a12c684-7424-48d0-a1a8-5709a632f796-kVEDo.jpg
1959.44934082
2398.5 1799
1.28217244148 -3.10344457626 3.67987918854
3.37590909004 0.00683832168579 3.66333675385
0.237124302598 2.51951575038 0.912053428255
0.223887868634 0.0859129439269 0.912850403835 0.330447761708
-0.884986341 0.00888564996421 0.465532004833
0.304818630219 0.766846299171 0.56482988596
-0.351972520351 0.641769349575 -0.681356847286
0.00678846788249
33.4074825 130.420334722 503.71

00000084.jpg
H:\Fukuchi\test\defish_a0ea0d09-a276-4151-8271-f6ca50bf02b8-HmQWv.jpg
1958.47814941
2398.5 1799
1.95826995373 -2.92398619652 3.46438384056
3.27166175842 0.00632524490356 3.6990070343
0.164083760999 2.6718955016 0.968470220928
0.146897762645 0.057014090628 0.928402002424 0.336513793993
-0.950340986252 0.00699709309265 0.311132341623
0.20472958684 0.767015516758 0.608089447021
-0.234388366342 0.641590416431 -0.730358719826
0.00630598657249
33.4075694444 130.420261944 503.68

00000085.jpg
H:\Fukuchi\test\defish_897b2e8c-db3c-41f9-b0ec-27910316589e-KWR0h.jpg
1966.63391113
2398.5 1799
-0.376829892397 -2.23548674583 4.44886350632
3.55946016312 0.264598846436 3.49170637131
0.237904438948 2.23623496277 0.459690527203
0.410605611329 0.0945057486586 0.888327516154 0.18260860376
-0.644943356514 0.0179437398911 0.764019668102
0.317864209414 0.915445387363 0.246823430061
-0.694989383221 0.40204179287 -0.59611415863
0.00475367209071
33.4073533333 130.420403333 471.75

00000086.jpg
H:\Fukuchi\test\defish_831ec7cb-8e02-4de3-920c-e203b6af1b29-n8gIx.jpg
1956.7767334
2398.5 1799
4.16798305511 -1.1554479599 1.41251039505
2.76267576218 -0.00299191474915 3.61523747444
0.244779320397 -2.49691028789 -0.912734491394
0.233739308709 0.0891464891826 -0.909352904517 -0.332409924709
-0.874837577343 -0.00673650158569 -0.484369426966
-0.317525565624 0.763112783432 0.562881886959
0.365836650133 0.646230041981 -0.669738948345
0.00383109760857
33.4078169444 130.419677222 503.73

00000087.jpg
H:\Fukuchi\test\defish_534aee4d-06b6-4d1f-bb7b-0e250f85d88a-XG327.jpg
1956.18591309
2398.5 1799
3.93872904778 -1.58130800724 1.88436305523
2.85635471344 -0.00163519382477 3.66144490242
0.175544023952 -2.63689634619 -0.967739437004
0.162891980721 0.061541532237 -0.924432731122 -0.339266278729
-0.939357757568 -0.00325509044342 -0.342923432589
-0.22431011498 0.762221693993 0.607209563255
0.259407281876 0.647308051586 -0.716728746891
0.0039142594543
33.4078011111 130.419809722 503.73

00000088.jpg
H:\Fukuchi\test\defish_6d2a8467-4751-4997-81ef-29fd61747f2b-EfzXO.jpg
1955.35913086
2398.5 1799
3.59226775169 -1.98136687279 2.35789203644
2.95493721962 -0.000461578369141 3.69570064545
0.0978529574398 -2.78431805489 -1.01736248495
0.0876978136823 0.0328647611147 -0.935137272655 -0.341689979636
-0.982458055019 -0.00153510959353 -0.18647800386
-0.121396966279 0.764336287975 0.63328742981
0.141559973359 0.644816100597 -0.751114606857
0.0041297790185
33.4077666667 130.419943889 503.75

00000089.jpg
H:\Fukuchi\test\defish_9e9b5e56-c090-4789-8920-72d796882f57-mPwIM.jpg
1954.97607422
2398.5 1799
3.14304590225 -2.34136891365 2.799243927
3.06503629684 -0.00186991691589 3.71511316299
0.0110474840245 -2.93457763785 -1.06608297394
0.00998368004423 0.00353884069142 -0.940033290282 -0.341498371958
-0.999775767326 0.000175938490429 -0.0211833305657
-0.0134617034346 0.766820549965 0.641720116138
0.0163566358387 0.641861438751 -0.76664608717
0.00480292692647
33.40772 130.420054722 503.96

00000090.jpg
H:\Fukuchi\test\defish_cf801354-b0bb-4ed7-b762-16c9f7130906-f8q03.jpg
1962.36291504
2398.5 1799
3.44783186913 -1.85634362698 2.65965390205
2.98091602325 0.131976366043 3.67478299141
0.0613460758139 -2.89033817362 -0.849067682268
0.0641853085806 0.020317578148 -0.95726859359 -0.281207864701
-0.990934848785 -0.00279936846346 -0.134311959147
-0.074997022748 0.841014504433 0.535789132118
0.111458361149 0.54100549221 -0.833600640297
0.00296077865232
33.4077572222 130.419967222 487.8

00000091.jpg
H:\Fukuchi\test\defish_c91ac26b-ed92-4fed-a19e-8569d2f6c807-82u1H.jpg
1960.66149902
2398.5 1799
2.99901127815 -2.13522982597 3.09528493881
3.08490848541 0.132197737694 3.68780732155
0.0114121203322 2.99450354303 0.874032889551
0.010933984464 0.00365783551057 0.959804232459 0.280146760438
-0.999734044075 0.000893728225492 0.0230380203575
0.0131462095305 0.842981755733 0.537781357765
-0.0189399179071 0.537941336632 -0.842769503593
0.00265816878674
33.4077080556 130.420077222 487.83

00000092.jpg
H:\Fukuchi\test\defish_4c40746b-9d39-4731-8a5d-85872ff2b88c-sgigU.jpg
1961.92333984
2398.5 1799
2.50037169456 -2.36460018158 3.44838023186
3.18471026421 0.133703351021 3.68432617188
0.0790397686415 2.85703134017 0.830596621549
0.0825136622763 0.0264651369288 0.956628883498 0.278111306494
-0.984982252121 0.00473788939416 0.172590196133
0.0965298190713 0.843906462193 0.52773475647
-0.143149614334 0.536469697952 -0.831690192223
0.00331244456565
33.4076380556 130.420180833 487.8

00000093.jpg
H:\Fukuchi\test\defish_a97d0f11-388d-4133-b7bd-eba00902b397-urihQ.jpg
1966.53527832
2398.5 1799
0.359732598066 -2.23350739479 4.44286060333
3.47730064392 0.265663146973 3.56297254562
0.199528390687 2.4011470447 0.494574917801
0.334398537102 0.0764503988335 0.920012678863 0.189499096288
-0.764665901661 0.0139341177419 0.644276380539
0.267407000065 0.916490733624 0.297553300858
-0.586327195168 0.399812906981 -0.7045353055
0.00465349153646
33.40746 130.420348611 471.78

00000094.jpg
H:\Fukuchi\test\defish_f81fec9b-aab5-4bc5-bf41-4da43f26007b-LUwpe.jpg
1966.71838379
2398.5 1799
1.03364944458 -2.19628334045 4.32714414597
3.38913273811 0.264796972275 3.61385273933
0.164535348074 2.55399423103 0.529568173543
0.260987584224 0.0607739655788 0.943361771811 0.195605128789
-0.856383979321 0.0125622758642 0.516186714172
0.216764315963 0.916090250015 0.337330102921
-0.468636125326 0.400775104761 -0.787248194218
0.00464339904728
33.4075488889 130.420277222 471.81

00000095.jpg
H:\Fukuchi\test\defish_25de80e0-132b-45ac-a593-765d99e80755-FUZ20.jpg
1969.34484863
2398.5 1799
3.8600153923 -1.28406774998 2.26300096512
2.87467050552 0.259333372116 3.65222430229
0.0937619295658 -2.77249035242 -0.587048875023
0.152444757086 0.0326805580131 -0.9663467062 -0.204614867735
-0.951385080814 -0.000776793865953 -0.308002918959
-0.125546649098 0.914129495621 0.385493576527
0.281255036592 0.405421495438 -0.869786798954
0.000990367400801
33.4078216667 130.419717222 471.93

00000096.jpg
H:\Fukuchi\test\defish_f73e6955-781c-4ca0-923c-f9027349f75b-pTLv8.jpg
1967.18310547
2398.5 1799
3.45902895927 -1.54221796989 2.8409614563
2.97471642494 0.262890338898 3.67373490334
0.0434904858509 -2.93933874401 -0.620162306487
0.0685599517975 0.0144417043876 -0.976053966871 -0.205934712556
-0.990181863308 4.69963451906e-005 -0.139784365892
-0.0564284995198 0.914764344692 0.400027066469
0.127888485789 0.403987556696 -0.905780613422
0.00100830868431
33.4077972222 130.419839444 471.8

00000097.jpg
H:\Fukuchi\test\defish_a330e905-d743-431e-81bb-6dd45ca3aa4d-dLdRm.jpg
1967.60839844
2398.5 1799
2.97554326057 -1.76412570477 3.34388780594
3.0832836628 0.261815428734 3.68407249451
0.0119178155627 3.04658707178 0.64095822008
0.0138983363233 0.00382705481031 0.978321542798 0.205824819696
-0.999584197998 0.00177500362042 0.0287711918354
0.0132174938917 0.915215134621 0.402748584747
-0.0256169755012 0.402961343527 -0.914858281612
0.0016288557569
33.4077561111 130.419970556 471.79

00000098.jpg
H:\Fukuchi\test\defish_1f4aa127-42e2-4c26-b42c-22f154e97648-cq448.jpg
1968.31640625
2398.5 1799
2.42702078819 -1.94427657127 3.74940705299
3.18340849876 0.261202931404 3.67782258987
0.0645908780092 2.89219655793 0.606604131501
0.0927561693685 0.0217579432561 0.974259067728 0.204339353774
-0.981845676899 0.00448816735297 0.18962906301
0.0803031101823 0.915544629097 0.394117832184
-0.171845093369 0.402190566063 -0.899284124374
0.00264144404386
33.4077047222 130.420078333 471.83

00000099.jpg
H:\Fukuchi\test\defish_e15074c7-0ac6-4d5d-8882-29612595d7d8-8jRLU.jpg
1947.21618652
2398.5 1799
-0.401490390301 1.98496687412 -3.09515595436
2.69989228249 0.123277187347 2.52520561218
0.578150047081 -0.688078601288 -0.213731564573
0.895209309488 0.278905206417 -0.331935810249 -0.103106185732
0.758375525475 -0.000553984369617 -0.651817858219
-0.369760453701 0.823162198067 -0.430907785892
0.536790251732 0.567806363106 0.624061107635
0.00106940195848
33.4069327778 130.41883 487.64

